0,389
81,3
80,1
80,3
79,1
79,3
78,1
78,3
14,5
101,35
87,4
87,128
87,129
87,8
87,130
3,2
3,1
3,3
10,8
10,219
10,307
10,144
10,71
10,131
10,93
10,312
10,2
10,3
11,30
11,11
11,20
11,22
11,25
11,2
11,3
9,7
8,8
8,17
8,6
20,2
20,1
20,3
18,1
18,3
14,1
14,4
14,3
13,1
13,3
2,2
2,1
2,3
89,11
89,10
89,9
89,8
89,7
89,6
89,5
89,4
89,3
89,2
89,1
89,0
88,8
88,7
88,6
88,5
88,4
88,3
88,2
88,1
88,0
87,255
87,254
87,253
87,252
87,251
87,250
87,249
87,248
87,247
87,246
87,245
87,244
87,243
87,242
87,241
87,240
87,239
87,238
87,237
87,236
87,235
87,234
87,233
87,232
87,231
87,230
87,229
87,228
87,227
87,226
87,225
87,224
87,223
87,222
87,221
87,220
87,219
87,218
87,217
87,216
87,215
87,214
87,213
87,212
87,211
87,196
87,170
87,169
87,168
87,167
87,166
87,165
87,164
87,163
87,162
87,161
87,160
87,159
87,158
87,157
87,156
87,155
87,154
87,153
87,152
87,151
